image_width: 640
image_height: 480
camera_name: front_cam_link
camera_matrix:
  rows: 3
  cols: 3
  data: [529.872434, 0.000000, 349.697019, 0.000000, 530.235242, 254.598331, 0.000000, 0.000000, 1.000000]
distortion_model: plumb_bob
distortion_coefficients:
  rows: 1
  cols: 5
  data: [-0.330897, 0.109910, -0.002263, -0.002370, 0.000000]
rectification_matrix:
  rows: 3
  cols: 3
  data: [1.000000, 0.000000, 0.000000, 0.000000, 1.000000, 0.000000, 0.000000, 0.000000, 1.000000]
projection_matrix:
  rows: 3
  cols: 4
  data: [456.951385, 0.000000, 357.067353, 0.000000, 0.000000, 491.105621, 256.021858, 0.000000, 0.000000, 0.000000, 1.000000, 0.000000]
