image_width: 4056
image_height: 3040
camera_name: rear_cam_link
camera_matrix:
  rows: 3
  cols: 3
  data: [3234.558039, 0.000000, 1957.940601, 0.000000, 3229.490102, 1562.543847, 0.000000, 0.000000, 1.000000]
distortion_model: plumb_bob
distortion_coefficients:
  rows: 1
  cols: 5
  data: [-0.338326, 0.132030, 0.000288, 0.000548, 0.000000]
rectification_matrix:
  rows: 3
  cols: 3
  data: [1.000000, 0.000000, 0.000000, 0.000000, 1.000000, 0.000000, 0.000000, 0.000000, 1.000000]
projection_matrix:
  rows: 3
  cols: 4
  data: [2770.103027, 0.000000, 1938.962783, 0.000000, 0.000000, 2971.712158, 1571.076892, 0.000000, 0.000000, 0.000000, 1.000000, 0.000000]
